36301489,5420,104483,21633,2016-07-11,22:46:00.0000000,2016-07-11,22:57:00.0000000,11,1,0.81999999999999995,9.73,1.7,0.25,0,11.68,,,11.68,4,5,20160711,20160711,20160711,20160711,18481,2863,2911
36301501,20225,104471,21645,2016-07-11,22:47:00.0000000,2016-07-11,22:59:00.0000000,12,1,1.73,10.81,2.21,0.25,0,13.27,,,13.27,4,5,20160711,20160711,20160711,20160711,18493,2851,3932
36302075,3793,103833,12852,2016-07-13,23:32:00.0000000,2016-07-13,23:44:00.0000000,12,1,1.51,10.81,1.11,0.25,0,12.17,,,12.17,4,5,20160713,20160713,20160713,20160713,9700,2277,2653
36302216,1758,103680,12993,2016-07-13,23:43:00.0000000,2016-07-13,00:14:00.0000000,30,1,2.4300000000000002,21.61,3,0.25,2,28.81,,,28.81,4,5,20160713,20160713,20160713,20160713,9841,2136,2298
36303147,9285,104857,13924,2016-07-15,01:07:00.0000000,2016-07-15,01:18:00.0000000,11,3,1.21,9.73,1.8,0.25,2,13.78,,,13.78,4,5,20160715,20160715,20160715,20160715,10772,3203,3633
36303153,6191,104850,13930,2016-07-15,01:08:00.0000000,2016-07-15,01:38:00.0000000,29,1,3.98,21.61,3.43,0.25,1,26.29,,,26.29,4,5,20160715,20160715,20160715,20160715,10778,3197,3064
36303608,4482,104348,14385,2016-07-16,01:57:00.0000000,2016-07-16,02:11:00.0000000,14,4,3.8100000000000001,15.67,3,0.25,3,21.92,,,21.92,4,5,20160716,20160716,20160716,20160716,11233,2742,2755
36303769,2687,104167,14546,2016-07-16,02:17:00.0000000,2016-07-16,02:38:00.0000000,21,1,4.4500000000000002,19.18,4.09,0.25,1,24.52,,,24.52,4,5,20160716,20160716,20160716,20160716,11394,2581,2480
36304457,2252,104249,15234,2016-07-18,03:26:00.0000000,2016-07-18,03:35:00.0000000,8,1,1.3899999999999999,8.92,2.29,0.25,0,11.46,,,11.46,4,4,20160718,20160718,20160718,20160718,12082,2653,2400
36304819,7257,103849,15596,2016-07-19,04:00:00.0000000,2016-07-19,04:07:00.0000000,6,2,1.2,7.57,1.32,0.25,1,10.14,,,10.14,4,5,20160719,20160719,20160719,20160719,12444,2291,3258
36306775,2370,103669,17552,2016-07-24,11:22:00.0000000,2016-07-24,11:37:00.0000000,14,1,4.6100000000000003,17.65,0,0.25,2.25,28,,,28,4,5,20160724,20160724,20160724,20160724,14400,2125,2423
36306780,4499,103664,17557,2016-07-24,11:25:00.0000000,2016-07-24,11:40:00.0000000,15,1,3.8999999999999999,16.84,0,0.25,2.25,28,,,28,4,5,20160724,20160724,20160724,20160724,14405,2120,2757
36306891,2860,103547,17668,2016-07-24,12:25:00.0000000,2016-07-24,12:41:00.0000000,15,1,1.8600000000000001,14.41,0,0.25,2.25,28,,,28,4,4,20160724,20160724,20160724,20160724,14516,2009,2517
36306991,16451,105750,21230,2016-07-24,13:15:00.0000000,2016-07-24,13:26:00.0000000,11,2,2.5600000000000001,13.33,0,0.25,2.25,28,,,28,4,5,20160724,20160724,20160724,20160724,18078,3907,3848
36307336,895527,105255,21575,2016-07-25,15:22:00.0000000,2016-07-25,15:37:00.0000000,15,1,4.7000000000000002,15.67,3.78,0.25,3,22.7,,,22.7,4,5,20160725,20160725,20160725,20160725,18423,3562,3982
36307398,1441,105184,21637,2016-07-26,15:39:00.0000000,2016-07-26,15:58:00.0000000,18,1,3.27,17.65,0,0.25,2.25,28,,,28,4,5,20160726,20160726,20160726,20160726,18485,3500,2245
36307721,12213,104828,15013,2016-07-26,16:59:00.0000000,2016-07-26,17:09:00.0000000,9,1,1.71,9.73,1,0.25,0,10.98,,,10.98,4,3,20160726,20160726,20160726,20160726,11861,3177,3800
36307792,1627,104751,15084,2016-07-27,17:16:00.0000000,2016-07-27,17:38:00.0000000,22,1,3.9500000000000002,19.81,0,0.25,2.25,28,,,28,4,3,20160727,20160727,20160727,20160727,11932,3106,2274
36308410,4353,104030,15702,2016-07-28,19:34:00.0000000,2016-07-28,19:42:00.0000000,7,1,1.3999999999999999,7.3,1.56,0.25,0.25,9.36,,,9.36,4,5,20160728,20160728,20160728,20160728,12550,2455,2734
36308448,5043,103985,15740,2016-07-28,19:41:00.0000000,2016-07-28,19:47:00.0000000,5,2,0.93000000000000005,6.76,1.6,0.25,1,9.61,,,9.61,4,5,20160728,20160728,20160728,20160728,12588,2417,2842
36309191,3653,105377,16483,2016-07-30,22:19:00.0000000,2016-07-30,22:35:00.0000000,15,2,10.109999999999999,25.39,5.33,0.25,1,31.97,,,31.97,4,5,20160730,20160730,20160730,20160730,13331,3672,2637
36309358,7134,105190,16650,2016-07-30,22:54:00.0000000,2016-07-30,23:10:00.0000000,15,1,2.3100000000000001,12.97,0.71,0.25,1,14.93,,,14.93,4,5,20160730,20160730,20160730,20160730,13498,3505,3233
36309669,8587,104846,16961,2016-07-31,23:56:00.0000000,2016-07-31,00:04:00.0000000,8,1,1.0800000000000001,8.11,1,0.25,1,10.36,,,10.36,4,5,20160731,20160731,20160731,20160731,13809,3194,3517
36309884,13666,104611,17176,2016-08-01,00:45:00.0000000,2016-08-01,00:58:00.0000000,13,1,2.0499999999999998,11.89,2.63,0.25,1,15.77,,,15.77,4,5,20160801,20160801,20160801,20160801,14024,2979,3823
36310227,3366,104227,17519,2016-08-02,02:12:00.0000000,2016-08-02,02:20:00.0000000,7,1,1.6399999999999999,8.65,3,0.25,2,15.85,,,15.85,4,1,20160802,20160802,20160802,20160802,14367,2636,2603
36310264,8875,104188,17556,2016-08-02,02:25:00.0000000,2016-08-02,02:41:00.0000000,16,1,2.75,13.51,2.95,0.25,1,17.71,,,17.71,4,4,20160802,20160802,20160802,20160802,14404,2599,3588
36310345,5486,104101,17637,2016-08-03,02:48:00.0000000,2016-08-03,03:04:00.0000000,16,1,6.79,19.72,4,0.25,1,24.97,,,24.97,4,5,20160803,20160803,20160803,20160803,14485,2518,2928
36212383,4629,105027,13157,2016-01-01,09:39:00.0000000,2016-01-01,09:59:00.0000000,20,1,9.4499999999999993,25.93,1,0.25,0,29.13,,0,29.13,4,5,20160101,20160101,20160101,20160101,10005,3359,2766
36212481,7861,104917,13255,2016-01-01,10:34:00.0000000,2016-01-01,10:47:00.0000000,,2,,28,,,,28,,,28,4,5,20160101,20160101,20160101,20160101,10103,3261,3393
36212520,9278,104876,13294,2016-01-02,10:48:00.0000000,2016-01-02,10:59:00.0000000,,1,,28,,,,28,,,28,4,3,20160102,20160102,20160102,20160102,10142,3222,3631
36212578,4676,104814,13352,2016-01-02,11:11:00.0000000,2016-01-02,11:21:00.0000000,,1,,28,,,,28,,,28,4,5,20160102,20160102,20160102,20160102,10200,3164,2774
36212589,1808,104803,13363,2016-01-02,11:15:00.0000000,2016-01-02,11:24:00.0000000,9,1,4.2000000000000002,12.7,1.94,0.25,0,14.89,,,14.89,4,4,20160102,20160102,20160102,20160102,10211,3153,2308
36212597,7754,104795,13371,2016-01-02,11:20:00.0000000,2016-01-02,11:33:00.0000000,,1,,28,,,,28,,,28,4,3,20160102,20160102,20160102,20160102,10219,3145,3356
36212622,205,104766,13396,2016-01-02,11:31:00.0000000,2016-01-02,11:36:00.0000000,5,1,0.89000000000000001,8.2,0,0.25,2.25,28,,,28,4,5,20160102,20160102,20160102,20160102,10244,3120,2058
36212669,16648,104713,13443,2016-01-02,11:47:00.0000000,2016-01-02,12:28:00.0000000,41,1,1.48,11.17,0,0.25,2.25,28,,,28,4,5,20160102,20160102,20160102,20160102,10291,3073,3851
36212905,797113,104454,13679,2016-01-02,12:51:00.0000000,2016-01-02,13:08:00.0000000,16,1,5.0099999999999998,17.29,2.63,0.25,0,20.17,,,20.17,4,5,20160102,20160102,20160102,20160102,10527,2837,3973
36213322,8406,103988,14096,2016-01-03,13:52:00.0000000,2016-01-03,14:11:00.0000000,,1,,28,,,,28,10,2.8,25.2,4,3,20160103,20160103,20160103,20160103,10944,2420,3491
36213373,4812,103932,14147,2016-01-03,14:00:00.0000000,2016-01-03,14:11:00.0000000,11,2,3.73,13.24,3.87,0.25,2,21.31,10,2.13,19.18,4,5,20160103,20160103,20160103,20160103,10995,2369,2799
36214478,5517,104919,15252,2016-01-05,15:46:00.0000000,2016-01-05,15:54:00.0000000,8,1,1.21,10.63,0,0.25,2.25,28,,,28,4,5,20160105,20160105,20160105,20160105,12100,3262,2940
36214559,2943,104832,15333,2016-01-05,15:53:00.0000000,2016-01-05,16:03:00.0000000,10,2,1.5,10,1.54,0.25,0,11.79,,,11.79,4,1,20160105,20160105,20160105,20160105,12181,3181,2529
36214723,3450,104652,15497,2016-01-06,16:06:00.0000000,2016-01-06,16:09:00.0000000,,1,,28,,,,28,,,28,4,5,20160106,20160106,20160106,20160106,12345,3017,2610
36214763,1859,104609,15537,2016-01-06,16:09:00.0000000,2016-01-06,16:36:00.0000000,,3,,28,,,,28,,,28,4,4,20160106,20160106,20160106,20160106,12385,2977,2323
36214973,8510,104375,15747,2016-01-06,16:27:00.0000000,2016-01-06,16:38:00.0000000,,2,,28,,,,28,,,28,4,5,20160106,20160106,20160106,20160106,12595,2767,3505
36215093,7835,104240,15867,2016-01-06,16:36:00.0000000,2016-01-06,16:54:00.0000000,17,2,0,20,0,0.25,2.25,28,,,28,4,3,20160106,20160106,20160106,20160106,12715,2647,3382
36215271,5213,104044,16045,2016-01-07,16:50:00.0000000,2016-01-07,17:30:00.0000000,,1,,28,,,,28,,,28,4,5,20160107,20160107,20160107,20160107,12893,2469,2874
36215391,2088,103912,16165,2016-01-07,17:00:00.0000000,2016-01-07,17:20:00.0000000,20,1,9.1899999999999995,27.64,0,0.25,2.25,28,,,28,4,1,20160107,20160107,20160107,20160107,13013,2349,2366
36215782,4961,105524,16556,2016-01-07,17:28:00.0000000,2016-01-07,17:41:00.0000000,13,1,4.71,15.4,3.73,0.25,3,22.38,,,22.38,4,5,20160107,20160107,20160107,20160107,13404,3768,2829
36216159,721369,105060,16933,2016-01-08,17:53:00.0000000,2016-01-08,18:07:00.0000000,14,1,5.1299999999999999,16.48,3.95,0.25,3,23.68,,,23.68,4,4,20160108,20160108,20160108,20160108,13781,3391,3952
36216378,2985,104823,17152,2016-01-08,18:09:00.0000000,2016-01-08,18:21:00.0000000,12,2,5.2699999999999996,15.4,3.13,0.25,0,18.78,,,18.78,4,5,20160108,20160108,20160108,20160108,14000,3172,2538
36216681,2365,104489,17455,2016-01-09,18:31:00.0000000,2016-01-09,18:51:00.0000000,20,1,3.4900000000000002,17.83,4.22,0.25,3,25.3,,,25.3,4,5,20160109,20160109,20160109,20160109,14303,2869,2421
36216837,795008,104313,17611,2016-01-09,18:42:00.0000000,2016-01-09,18:54:00.0000000,12,1,1.5,10.81,2.21,0.25,0,13.27,,,13.27,4,4,20160109,20160109,20160109,20160109,14459,2713,3970
36217003,3430,104131,17777,2016-01-09,18:53:00.0000000,2016-01-09,19:18:00.0000000,24,1,4.4199999999999999,20.53,4.76,0.25,3,28.54,,,28.54,4,5,20160109,20160109,20160109,20160109,14625,2547,2608
36217049,4151,104081,17823,2016-01-09,18:57:00.0000000,2016-01-09,19:08:00.0000000,11,1,1.5,10,1.02,0.25,0,11.27,,,11.27,4,5,20160109,20160109,20160109,20160109,14671,2501,2711
36217111,5946,104011,17885,2016-01-09,19:00:00.0000000,2016-01-09,19:08:00.0000000,7,1,1.25,8.11,2.09,0.25,0,10.45,,,10.45,4,1,20160109,20160109,20160109,20160109,14733,2439,3027
36217134,739,103984,17908,2016-01-09,19:02:00.0000000,2016-01-09,19:22:00.0000000,,1,,28,,,,28,,,28,4,5,20160109,20160109,20160109,20160109,14756,2416,2133
36218851,4868,103802,19625,2016-01-12,20:59:00.0000000,2016-01-12,21:32:00.0000000,,2,,28,,,,28,,,28,4,5,20160112,20160112,20160112,20160112,16473,2247,2810
36219253,7849,105669,20027,2016-01-13,21:33:00.0000000,2016-01-13,21:47:00.0000000,14,1,2.4399999999999999,10.9,0,0.25,2.25,28,,,28,4,5,20160113,20160113,20160113,20160113,16875,3843,3388
36219395,4869,105408,20169,2016-01-13,21:43:00.0000000,2016-01-13,21:48:00.0000000,5,1,0.82999999999999996,6.22,1.89,0.25,3,11.36,,,11.36,4,5,20160113,20160113,20160113,20160113,17017,3701,2811
36220216,2363,104504,20990,2016-01-14,22:49:00.0000000,2016-01-14,22:56:00.0000000,7,1,1.01,7.84,1.05,0.25,0,9.14,,,9.14,4,4,20160114,20160114,20160114,20160114,17838,2880,2420
36220422,1000010,104272,21196,2016-01-14,23:04:00.0000000,2016-01-14,23:19:00.0000000,14,1,1.47,11.89,2.43,0.25,0,14.57,,,14.57,4,5,20160114,20160114,20160114,20160114,18044,2674,3995
36220590,2220,104086,21364,2016-01-15,23:15:00.0000000,2016-01-15,23:36:00.0000000,20,1,1.45,11.89,2.38,0,0,14.27,,,14.27,4,5,20160115,20160115,20160115,20160115,18212,2506,2391
36220893,13080,103756,21667,2016-01-15,23:40:00.0000000,2016-01-15,23:57:00.0000000,16,1,2.5699999999999998,13.51,2.75,0.25,0,16.51,,,16.51,4,5,20160115,20160115,20160115,20160115,18515,2203,3809
36221118,9218,105740,12525,2016-01-15,23:58:00.0000000,2016-01-15,00:29:00.0000000,30,1,3.96,21.88,4.63,0.25,1,29.71,5,1.49,28.22,4,5,20160115,20160115,20160115,20160115,9373,3899,3623
36221204,2878,105614,12611,2016-01-15,00:06:00.0000000,2016-01-15,00:21:00.0000000,14,1,1.9099999999999999,12.16,2.48,0.25,0,14.89,5,0.74,14.15,4,4,20160115,20160115,20160115,20160115,9459,3813,2521
36221829,5545,104839,13236,2016-01-16,00:55:00.0000000,2016-01-16,01:07:00.0000000,12,1,3.02,12.97,2.84,0.25,1,19.01,,,19.01,4,2,20160116,20160116,20160116,20160116,10084,3188,2949
36222060,6857,104587,13518,2016-01-16,01:13:00.0000000,2016-01-17,01:45:00.0000000,32,1,4.0499999999999998,23.23,2.45,0.25,1,26.93,,,26.93,4,5,20160116,20160117,20160116,20160117,10366,2957,3178
36222123,5143,103874,13581,2016-01-17,01:17:00.0000000,2016-01-17,01:35:00.0000000,17,2,2.73,14.05,3.26,0.25,2,21.51,,,21.51,4,2,20160117,20160117,20160117,20160117,10429,2313,2861
36222158,3838,103834,13616,2016-01-17,01:22:00.0000000,2016-01-17,01:33:00.0000000,11,1,3.2000000000000002,12.43,3.8,0.25,0,16.48,,,16.48,4,5,20160117,20160117,20160117,20160117,10464,2278,2663
36222558,341,105713,14016,2016-01-17,02:06:00.0000000,2016-01-17,02:23:00.0000000,16,1,3.0600000000000001,14.32,3.64,0.25,0,18.21,,,18.21,4,4,20160117,20160117,20160117,20160117,10864,3876,2079
36222978,1515,105130,14436,2016-01-18,02:55:00.0000000,2016-01-18,03:07:00.0000000,12,2,2.52,11.35,1.7,0,0,13.05,,,13.05,4,4,20160118,20160118,20160118,20160118,11284,3456,2259
36223399,5590,104671,14857,2016-01-19,03:35:00.0000000,2016-01-19,03:50:00.0000000,15,1,6.1500000000000004,19.18,3.89,0.25,0,23.32,,,23.32,4,4,20160119,20160119,20160119,20160119,11705,3035,2961
36223608,4136,104438,12600,2016-01-19,03:57:00.0000000,2016-01-19,04:20:00.0000000,23,1,9.7599999999999998,28.09,4.25,0.25,0,32.59,,,32.59,4,3,20160119,20160119,20160119,20160119,9448,2826,2707
36225720,5977,104312,14712,2016-01-22,09:58:00.0000000,2016-01-22,10:10:00.0000000,11,1,6.4100000000000001,18.1,4.07,0.25,2,26.37,,,26.37,4,4,20160122,20160122,20160122,20160122,11560,2712,3036
36225727,8589,104305,14719,2016-01-22,10:01:00.0000000,2016-01-22,10:14:00.0000000,13,1,6.6900000000000004,18.37,3.92,0.25,1,25.49,,,25.49,4,5,20160122,20160122,20160122,20160122,11567,2705,3519
36225822,5654,104199,14814,2016-01-22,10:41:00.0000000,2016-01-22,10:52:00.0000000,,1,,28,,,,28,,,28,4,4,20160122,20160122,20160122,20160122,11662,2610,2977
36225925,6774,104087,14917,2016-01-22,11:24:00.0000000,2016-01-22,11:39:00.0000000,15,1,4.6299999999999999,17.38,0,0.25,2.25,28,,,28,4,5,20160122,20160122,20160122,20160122,11765,2507,3156
36225930,20302,104082,14922,2016-01-22,11:26:00.0000000,2016-01-22,11:40:00.0000000,14,1,3.8900000000000001,16.3,0,0.25,2.25,28,,,28,4,5,20160122,20160122,20160122,20160122,11770,2502,3935
36226010,4567,103991,15002,2016-01-22,12:02:00.0000000,2016-01-22,12:13:00.0000000,11,2,2.3399999999999999,10.81,1.66,0.25,0,12.72,,,12.72,4,5,20160122,20160122,20160122,20160122,11850,2422,2762
36226017,296,103982,15009,2016-01-22,12:06:00.0000000,2016-01-22,12:34:00.0000000,28,1,5.1399999999999997,25.4,0,0.25,3.25,28,,,28,4,5,20160122,20160122,20160122,20160122,11857,2415,2076
36226020,7731,103978,15012,2016-01-22,12:06:00.0000000,2016-01-22,12:19:00.0000000,,1,,28,,,,28,,,28,4,5,20160122,20160122,20160122,20160122,11860,2412,3352
36226797,895577,105214,15789,2016-01-24,15:27:00.0000000,2016-01-24,15:39:00.0000000,12,1,3.1200000000000001,10,2.25,0.25,1,13.5,,,13.5,4,5,20160124,20160124,20160124,20160124,12637,3525,3989
36226859,8185,105140,15851,2016-01-24,15:39:00.0000000,2016-01-24,15:49:00.0000000,,1,,28,,,,28,,,28,4,4,20160124,20160124,20160124,20160124,12699,3463,3452
36226909,1628,105083,15901,2016-01-24,15:46:00.0000000,2016-01-24,15:56:00.0000000,,1,,28,,,,28,,,28,4,3,20160124,20160124,20160124,20160124,12749,3413,2275
36226957,6980,105033,15949,2016-01-24,15:54:00.0000000,2016-01-24,16:09:00.0000000,15,1,4.6399999999999997,17.65,0,0.25,2.25,28,,,28,4,3,20160124,20160124,20160124,20160124,12797,3365,3198
36227224,7370,104743,16216,2016-01-24,16:37:00.0000000,2016-01-24,16:57:00.0000000,19,1,3.9399999999999999,18.73,0,0.25,2.25,28,,,28,4,5,20160124,20160124,20160124,20160124,13064,3098,3284
36227347,1387,104607,16339,2016-01-25,16:58:00.0000000,2016-01-25,17:06:00.0000000,,1,,28,,,,28,,,28,4,4,20160125,20160125,20160125,20160125,13187,2975,2234
36227448,4147,104497,16440,2016-01-25,17:14:00.0000000,2016-01-25,17:14:00.0000000,0,1,0.10000000000000001,3.25,0,0,0.25,3.5,,,3.5,4,1,20160125,20160125,20160125,20160125,13288,2874,2709
36227504,7359,104428,16496,2016-01-25,17:24:00.0000000,2016-01-25,17:24:00.0000000,0,3,0.10000000000000001,3.25,0,0.25,2,5.5,,,5.5,4,5,20160125,20160125,20160125,20160125,13344,2818,3281
36227672,7715,104243,16664,2016-01-25,17:51:00.0000000,2016-01-25,17:56:00.0000000,4,1,0.56999999999999995,5.41,1.13,0,0.25,6.79,,,6.79,4,5,20160125,20160125,20160125,20160125,13512,2650,3345
36227709,1067,104183,16701,2016-01-25,17:58:00.0000000,2016-01-25,17:58:00.0000000,0,3,0.10000000000000001,3.25,0,0.25,0,3.5,,,3.5,4,3,20160125,20160125,20160125,20160125,13549,2594,2167
36227768,4207,104119,16760,2016-01-25,18:06:00.0000000,2016-01-25,18:15:00.0000000,9,1,1.27,8.92,1.83,0.25,0,11,,,11,4,5,20160125,20160125,20160125,20160125,13608,2535,2716
36228012,7257,103849,17004,2016-01-26,18:45:00.0000000,2016-01-26,18:57:00.0000000,,1,,28,,,,28,,,28,4,5,20160126,20160126,20160126,20160126,13852,2291,3258
36228023,3050,103836,17015,2016-01-26,18:47:00.0000000,2016-01-26,18:59:00.0000000,12,1,5.1100000000000003,15.67,2.99,0.25,4,22.91,,,22.91,4,5,20160126,20160126,20160126,20160126,13863,2280,2549
36228340,6036,105820,17332,2016-01-26,19:28:00.0000000,2016-01-26,19:31:00.0000000,3,1,0.58999999999999997,5.41,2,0.25,0,7.66,,,7.66,4,1,20160126,20160126,20160126,20160126,14180,3961,3043
36228692,9688,105242,17684,2016-01-27,20:13:00.0000000,2016-01-27,20:33:00.0000000,,2,,28,,,,28,,,28,4,5,20160127,20160127,20160127,20160127,14532,3550,3712
36228751,2584,105173,17743,2016-01-27,20:21:00.0000000,2016-01-27,20:37:00.0000000,,1,,28,,,,28,,,28,4,5,20160127,20160127,20160127,20160127,14591,3491,2460
36228792,8904,105124,17784,2016-01-27,20:27:00.0000000,2016-01-27,20:34:00.0000000,7,1,1.0900000000000001,8.11,1.67,0.25,0,10.03,,,10.03,4,5,20160127,20160127,20160127,20160127,14632,3450,3592
36229336,5604,104534,12645,2016-01-28,21:34:00.0000000,2016-01-28,21:47:00.0000000,,2,,28,,,,28,,,28,4,5,20160128,20160128,20160128,20160128,9493,2906,2965
36229655,13395,104176,12964,2016-01-28,22:14:00.0000000,2016-01-28,22:36:00.0000000,21,2,5.7800000000000002,20.26,2,0.25,0,22.51,,,22.51,4,2,20160128,20160128,20160128,20160128,9812,2587,3819
36229682,1263,104144,12991,2016-01-28,22:17:00.0000000,2016-01-28,22:28:00.0000000,10,1,2.1099999999999999,10.54,2.95,0.25,1,14.74,,,14.74,4,5,20160128,20160128,20160128,20160128,9839,2560,2208
36230363,1826,105812,13672,2016-01-29,23:42:00.0000000,2016-01-29,23:54:00.0000000,11,2,1.54,9.73,1.65,0.25,1,12.63,,,12.63,4,4,20160129,20160129,20160129,20160129,10520,3955,2314
36230553,8490,105520,13862,2016-01-29,00:10:00.0000000,2016-01-29,00:17:00.0000000,7,1,1.46,8.38,1.93,0.25,1,11.56,,,11.56,4,5,20160129,20160129,20160129,20160129,10710,3765,3501
36230888,18897,105101,14197,2016-01-30,00:57:00.0000000,2016-01-30,01:13:00.0000000,16,1,4.3399999999999999,15.67,3.38,0.25,1,20.3,,,20.3,4,5,20160130,20160130,20160130,20160130,11045,3430,3902
36230972,8863,105012,14281,2016-01-30,01:07:00.0000000,2016-01-30,01:16:00.0000000,9,1,1.6200000000000001,9.46,1.94,0.25,0,11.65,,,11.65,4,3,20160130,20160130,20160130,20160130,11129,3346,3584
36231077,18734,104895,14386,2016-01-30,01:23:00.0000000,2016-01-30,01:36:00.0000000,12,2,2.1400000000000001,11.62,1.78,0.25,0,13.65,,,13.65,4,5,20160130,20160130,20160130,20160130,11234,3241,3899
36231214,6911,104749,14523,2016-01-30,01:45:00.0000000,2016-01-30,02:07:00.0000000,22,1,3.75,17.56,3.56,0.25,0,23.32,,,23.32,4,3,20160130,20160130,20160130,20160130,11371,3104,3185
36231345,6201,104604,14654,2016-01-31,02:08:00.0000000,2016-01-31,02:18:00.0000000,9,2,1.99,10,1.69,0.25,1,12.94,,,12.94,4,3,20160131,20160131,20160131,20160131,11502,2973,3065
36232030,7745,103845,15339,2016-02-01,03:46:00.0000000,2016-02-01,03:55:00.0000000,9,2,1.46,8.92,1.83,0.25,0,12.95,,,12.95,4,1,20160201,20160201,20160201,20160201,12187,2288,3355
36232637,400,105384,17065,2016-02-03,04:59:00.0000000,2016-02-03,05:10:00.0000000,10,1,1.51,9.73,1.5,0.25,0,11.48,,,11.48,4,5,20160203,20160203,20160203,20160203,13913,3679,2086
36232749,19239,105261,17177,2016-02-03,05:11:00.0000000,2016-02-03,05:31:00.0000000,19,1,4.0499999999999998,17.02,3.45,0.25,0,20.72,,,20.72,4,5,20160203,20160203,20160203,20160203,14025,3567,3913
36233090,9234,104880,17518,2016-02-04,05:59:00.0000000,2016-02-04,06:10:00.0000000,11,1,1.8200000000000001,10.54,2.36,0.25,1,14.15,,,14.15,4,4,20160204,20160204,20160204,20160204,14366,3226,3626
36233702,7202,104203,18130,2016-02-05,07:41:00.0000000,2016-02-05,07:55:00.0000000,13,1,2.3100000000000001,11.08,2.47,0.25,1,14.8,,,14.8,4,3,20160205,20160205,20160205,20160205,14978,2614,3243
36234449,8293,105699,18877,2016-02-07,11:35:00.0000000,2016-02-07,11:49:00.0000000,14,1,5.7300000000000004,17.29,3.71,0.25,1,22.25,,,22.25,4,5,20160207,20160207,20160207,20160207,15725,3865,3473
36234748,2349,105260,19176,2016-02-08,13:33:00.0000000,2016-02-08,13:50:00.0000000,16,1,5.1699999999999999,17.02,3.85,0.25,2,25.07,,,25.07,4,5,20160208,20160208,20160208,20160208,16024,3566,2418
36234977,3059,105003,19405,2016-02-08,14:48:00.0000000,2016-02-08,15:01:00.0000000,12,1,3.3799999999999999,10.54,2.76,0.25,3,18.5,,,18.5,4,4,20160208,20160208,20160208,20160208,16253,3337,2551
36235405,9413,104538,20001,2016-02-09,16:15:00.0000000,2016-02-09,16:25:00.0000000,9,1,1.8100000000000001,8.92,2.08,0,1.5,12.5,,,12.5,4,5,20160209,20160209,20160209,20160209,16849,2909,3662
36235947,6878,105321,20543,2016-02-10,17:54:00.0000000,2016-02-10,18:08:00.0000000,14,1,4.6299999999999999,15.13,3.88,0.25,4,23.26,,,23.26,4,4,20160210,20160210,20160210,20160210,17391,3617,3180
36236437,654,104774,17837,2016-02-11,19:13:00.0000000,2016-02-11,19:24:00.0000000,11,1,2.25,10.81,1.21,0.25,1,13.27,,,13.27,4,2,20160211,20160211,20160211,20160211,14685,3127,2125
36236829,6841,104340,18229,2016-02-12,20:13:00.0000000,2016-02-12,20:31:00.0000000,17,1,2.7400000000000002,14.86,1.51,0.25,0,16.62,,,16.62,4,5,20160212,20160212,20160212,20160212,15077,2735,3168
36237387,2027,103727,19019,2016-02-12,21:26:00.0000000,2016-02-12,21:33:00.0000000,7,1,0.95999999999999996,7.57,1.56,0.25,0,9.38,,,9.38,4,5,20160212,20160212,20160212,20160212,15867,2177,2349
36237632,9866,104598,19264,2016-02-13,21:59:00.0000000,2016-02-13,22:11:00.0000000,12,1,1.6799999999999999,11.08,1.23,0.25,1,13.56,,,13.56,4,5,20160213,20160213,20160213,20160213,16112,2967,3746
36237961,3816,104229,19593,2016-02-14,22:45:00.0000000,2016-02-14,22:58:00.0000000,13,1,2.5099999999999998,12.7,2.79,0.25,1,16.74,,,16.74,4,5,20160214,20160214,20160214,20160214,16441,2638,2658
36238091,188,105764,19723,2016-02-14,23:03:00.0000000,2016-02-14,23:11:00.0000000,7,1,1.3400000000000001,7.3,1.51,0,0.25,9.06,,,9.06,4,5,20160214,20160214,20160214,20160214,16571,3916,2054
36238353,861,105358,19985,2016-02-14,23:40:00.0000000,2016-02-14,23:56:00.0000000,15,1,1.73,12.7,2.59,0.25,0,15.54,,,15.54,4,4,20160214,20160214,20160214,20160214,16833,3654,2146
36238625,9051,105050,20257,2016-02-15,00:25:00.0000000,2016-02-15,00:42:00.0000000,17,1,4.3399999999999999,16.48,3.95,0.25,3,23.68,,,23.68,4,5,20160215,20160215,20160215,20160215,17105,3382,3607
36238663,2526,105010,20295,2016-02-15,00:30:00.0000000,2016-02-15,00:39:00.0000000,9,1,1.1899999999999999,8.65,1.98,0.25,1,11.88,,,11.88,4,5,20160215,20160215,20160215,20160215,17143,3344,2447
36238876,9873,103798,20508,2016-02-16,01:03:00.0000000,2016-02-16,01:09:00.0000000,5,1,1.26,6.76,1.05,0.25,0,8.06,,,8.06,4,1,20160216,20160216,20160216,20160216,17356,2243,3749
36239031,2529,103630,20663,2016-02-16,01:28:00.0000000,2016-02-16,01:37:00.0000000,9,1,1.5,8.11,1.25,0.25,0,9.61,,,9.61,4,3,20160216,20160216,20160216,20160216,17511,2088,2449
36239157,1142,105819,20789,2016-02-16,01:50:00.0000000,2016-02-16,02:04:00.0000000,14,1,7.0700000000000003,19.45,4.54,0.25,3,27.24,,,27.24,4,4,20160216,20160216,20160216,20160216,17637,3960,2186
36239568,7789,105241,12811,2016-02-17,03:13:00.0000000,2016-02-17,03:31:00.0000000,17,1,3.7599999999999998,13.78,1.5,0,1.25,16.53,,,16.53,4,5,20160217,20160217,20160217,20160217,9659,3549,3362
36239873,10891,104898,13116,2016-02-18,04:10:00.0000000,2016-02-18,04:21:00.0000000,11,1,4.1299999999999999,13.51,5,0.25,3,21.76,,,21.76,4,5,20160218,20160218,20160218,20160218,9964,3244,3781
36240253,14671,104484,13496,2016-02-19,06:05:00.0000000,2016-02-19,06:11:00.0000000,6,1,0.95999999999999996,7.03,0.73,0.25,0,8.01,,,8.01,4,5,20160219,20160219,20160219,20160219,10344,2864,3829
36240545,6163,104157,13788,2016-02-19,10:33:00.0000000,2016-02-19,10:48:00.0000000,,1,,28,,,,28,,,28,4,5,20160219,20160219,20160219,20160219,10636,2572,3062
36240592,1290,104108,13835,2016-02-19,10:59:00.0000000,2016-02-19,11:19:00.0000000,,1,,28,,,,28,,,28,4,5,20160219,20160219,20160219,20160219,10683,2525,2214
36240611,2220,104086,13854,2016-02-19,11:08:00.0000000,2016-02-19,11:18:00.0000000,,1,,28,,,,28,,,28,4,2,20160219,20160219,20160219,20160219,10702,2506,2391
36240616,4151,104081,13859,2016-02-19,11:10:00.0000000,2016-02-19,11:18:00.0000000,,1,,28,,,,28,,,28,4,5,20160219,20160219,20160219,20160219,10707,2501,2711
36240634,5296,104059,13877,2016-02-19,11:18:00.0000000,2016-02-19,11:31:00.0000000,13,1,2.6499999999999999,12.97,4,0.25,0,17.22,,,17.22,4,1,20160219,20160219,20160219,20160219,10725,2483,2891
36240641,5097,104052,13884,2016-02-19,11:23:00.0000000,2016-02-19,11:40:00.0000000,16,2,7.9400000000000004,24.67,0,0.25,2.25,28,,,28,4,3,20160219,20160219,20160219,20160219,10732,2476,2851
36240692,7629,103996,13935,2016-02-19,11:46:00.0000000,2016-02-19,11:51:00.0000000,4,1,0.90000000000000002,8.2,0,0.25,2.25,28,,,28,4,5,20160219,20160219,20160219,20160219,10783,2425,3331
36240773,5431,103906,14016,2016-02-19,12:17:00.0000000,2016-02-19,12:31:00.0000000,14,1,3.2799999999999998,13.24,2,0.25,2,19.44,,,19.44,4,5,20160219,20160219,20160219,20160219,10864,2344,2915
36240775,1313,103904,14018,2016-02-19,12:17:00.0000000,2016-02-19,12:28:00.0000000,10,1,3.98,12.7,3.19,0.25,3,19.14,,,19.14,4,5,20160219,20160219,20160219,20160219,10866,2342,2218
36240926,2056,103741,14169,2016-02-20,12:57:00.0000000,2016-02-20,13:08:00.0000000,11,1,1.9299999999999999,10.81,2.21,0.25,0,13.27,,,13.27,4,5,20160220,20160220,20160220,20160220,11017,2191,2356
36241201,9630,105762,14444,2016-02-20,13:43:00.0000000,2016-02-20,14:02:00.0000000,18,1,4.0199999999999996,15.67,3.78,0.25,3,22.7,,,22.7,4,1,20160220,20160220,20160220,20160220,11292,3914,3704
36241274,2556,105667,14517,2016-02-20,13:53:00.0000000,2016-02-20,14:31:00.0000000,38,1,18.27,47.8,10.21,0.25,3,61.26,,,61.26,4,3,20160220,20160220,20160220,20160220,11365,3841,2454
36241389,76,105439,14632,2016-02-21,14:05:00.0000000,2016-02-21,14:20:00.0000000,,1,,28,,,,28,,,28,4,5,20160221,20160221,20160221,20160221,11480,3726,2022
36241820,3945,104957,15063,2016-02-22,14:51:00.0000000,2016-02-22,15:11:00.0000000,20,1,4.2300000000000004,17.83,3.62,0.25,0,21.7,5,1.09,20.62,4,3,20160222,20160222,20160222,20160222,11911,3295,2678
36241902,4285,104867,15145,2016-02-22,14:59:00.0000000,2016-02-22,15:26:00.0000000,26,1,2.0299999999999998,21.16,0,0.25,2.25,28,5,1.4,26.6,4,5,20160222,20160222,20160222,20160222,11993,3213,2726
36242143,2932,104603,15386,2016-02-22,15:18:00.0000000,2016-02-22,15:35:00.0000000,17,1,6.71,20.53,4.76,0.25,3,28.54,5,1.43,27.11,4,4,20160222,20160222,20160222,20160222,12234,2972,2528
36242252,5420,104483,15495,2016-02-23,15:26:00.0000000,2016-02-23,15:57:00.0000000,31,1,26.73,61.84,9.76,0.25,3,74.85,,,74.85,4,5,20160223,20160223,20160223,20160223,12343,2863,2911
36242410,8589,104305,15653,2016-02-23,15:42:00.0000000,2016-02-23,15:54:00.0000000,12,1,2.7799999999999998,11.08,2.27,0,0.25,13.6,,,13.6,4,5,20160223,20160223,20160223,20160223,12501,2705,3519
36242452,166,104260,15695,2016-02-23,15:46:00.0000000,2016-02-23,15:56:00.0000000,10,1,1.1299999999999999,11.71,0,0.25,2.25,28,,,28,4,1,20160223,20160223,20160223,20160223,12543,2663,2047
36242639,5097,104052,15882,2016-02-24,16:04:00.0000000,2016-02-24,16:19:00.0000000,,1,,28,,,,28,,,28,4,5,20160224,20160224,20160224,20160224,12730,2476,2851
36242828,11719,103844,16071,2016-02-24,16:21:00.0000000,2016-02-24,16:33:00.0000000,,1,,28,,,,28,,,28,4,1,20160224,20160224,20160224,20160224,12919,2287,3792
36243115,721461,103537,16358,2016-02-25,16:46:00.0000000,2016-02-25,17:03:00.0000000,,2,,28,,,,28,,,28,4,3,20160225,20160225,20160225,20160225,13206,2000,3959
36243825,5254,103848,13201,2016-02-26,17:40:00.0000000,2016-02-26,17:51:00.0000000,11,1,1.0900000000000001,9.73,2,0.25,0,11.98,,,11.98,4,3,20160226,20160226,20160226,20160226,10049,2290,2883
36244087,3169,103566,13463,2016-02-26,18:00:00.0000000,2016-02-26,18:11:00.0000000,11,1,1.8300000000000001,10.81,1.66,0.25,0,12.72,,,12.72,4,4,20160226,20160226,20160226,20160226,10311,2028,2571
36244162,8690,104583,13538,2016-02-26,18:07:00.0000000,2016-02-26,18:21:00.0000000,13,1,4.3799999999999999,14.59,3.57,0.25,3,21.41,,,21.41,4,5,20160226,20160226,20160226,20160226,10386,2953,3544
36244330,7490,104395,13706,2016-02-26,18:20:00.0000000,2016-02-26,18:31:00.0000000,,1,,28,,,,28,,,28,4,5,20160226,20160226,20160226,20160226,10554,2785,3306
36244418,1299,104297,13794,2016-02-27,18:26:00.0000000,2016-02-27,18:52:00.0000000,25,1,4.6600000000000001,20.53,5.2,0.25,0,25.98,,,25.98,4,5,20160227,20160227,20160227,20160227,10642,2697,2216
36245217,277,105734,14593,2016-02-28,19:28:00.0000000,2016-02-28,19:38:00.0000000,10,1,1.8600000000000001,10,2.05,0.25,0,12.3,,,12.3,4,4,20160228,20160228,20160228,20160228,11441,3896,2072
36245414,5188,105406,14790,2016-02-29,19:42:00.0000000,2016-02-29,19:56:00.0000000,14,1,2.0499999999999998,12.97,1.98,0.25,0,15.2,,,15.2,4,5,20160229,20160229,20160229,20160229,11638,3699,2869
36245551,895527,105255,14927,2016-02-29,19:53:00.0000000,2016-02-29,20:35:00.0000000,42,2,12.76,40.24,8.9,0.25,4,53.39,,,53.39,4,5,20160229,20160229,20160229,20160229,11775,3562,3982
36246389,2143,105436,15765,2016-03-02,20:56:00.0000000,2016-03-02,21:07:00.0000000,10,1,2.1400000000000001,11.98,0,0.25,2.25,28,,,28,4,4,20160302,20160302,20160302,20160302,12613,3723,2373
36246675,7801,105110,16051,2016-03-02,21:17:00.0000000,2016-03-02,21:23:00.0000000,6,1,0.85999999999999999,7.03,1.66,0.25,1,9.94,,,9.94,4,4,20160302,20160302,20160302,20160302,12899,3437,3366
36246773,7284,105005,16149,2016-03-03,21:24:00.0000000,2016-03-03,21:36:00.0000000,11,4,1.76,10.81,2.41,0.25,1,14.47,,,14.47,4,4,20160303,20160303,20160303,20160303,12997,3339,3265
36246835,16786,104934,16211,2016-03-03,21:30:00.0000000,2016-03-03,21:36:00.0000000,6,1,0.79000000000000004,7.03,1.09,0.25,0,8.37,,,8.37,4,5,20160303,20160303,20160303,20160303,13059,3277,3858
36247066,4238,104682,12575,2016-03-03,21:49:00.0000000,2016-03-03,22:05:00.0000000,16,1,6.2000000000000002,18.37,1.96,0.25,1,21.58,,,21.58,4,4,20160303,20160303,20160303,20160303,9423,3046,2719
36247152,7005,105150,12661,2016-03-03,21:55:00.0000000,2016-03-03,22:13:00.0000000,18,1,6.8700000000000001,19.99,6.06,0.25,4,30.3,,,30.3,4,1,20160303,20160303,20160303,20160303,9509,3471,3204
36247271,1864,105018,12780,2016-03-04,22:06:00.0000000,2016-03-04,22:14:00.0000000,8,1,3.23,11.08,2.15,0.25,3,16.48,,,16.48,4,5,20160304,20160304,20160304,20160304,9628,3352,2324
36247509,16646,104759,13018,2016-03-04,22:26:00.0000000,2016-03-04,22:35:00.0000000,9,1,1.3100000000000001,9.19,1.42,0.25,0,10.86,,,10.86,4,1,20160304,20160304,20160304,20160304,9866,3114,3849
36247767,1292,104476,13276,2016-03-04,22:47:00.0000000,2016-03-04,23:08:00.0000000,21,1,5.7699999999999996,20.26,5.13,0.25,0,25.64,,,25.64,4,4,20160304,20160304,20160304,20160304,10124,2856,2215
36247940,8173,104281,13449,2016-03-05,23:00:00.0000000,2016-03-05,23:13:00.0000000,12,1,1.0900000000000001,8.92,2.08,0,1.5,12.5,,,12.5,4,5,20160305,20160305,20160305,20160305,10297,2683,3448
36248146,19769,104053,13655,2016-03-05,23:16:00.0000000,2016-03-05,23:31:00.0000000,14,1,1.1799999999999999,11.62,1.78,0.25,0,13.65,,,13.65,4,5,20160305,20160305,20160305,20160305,10503,2477,3923
36248649,9180,105707,14158,2016-03-06,00:01:00.0000000,2016-03-06,00:20:00.0000000,18,1,2.1899999999999999,15.13,3.28,0.25,1,19.66,,,19.66,4,5,20160306,20160306,20160306,20160306,11006,3872,3619
36248686,6332,105661,14195,2016-03-06,00:04:00.0000000,2016-03-06,00:31:00.0000000,27,1,3.77,20.26,3.23,0.25,1,24.74,,,24.74,4,4,20160306,20160306,20160306,20160306,11043,3835,3075
36249969,2790,104136,15478,2016-03-09,02:20:00.0000000,2016-03-09,02:31:00.0000000,11,1,4.7699999999999996,14.59,3.57,0.25,3,21.41,,,21.41,4,5,20160309,20160309,20160309,20160309,12326,2552,2501
36249974,3430,104131,15483,2016-03-09,02:20:00.0000000,2016-03-09,02:35:00.0000000,14,1,2.6200000000000001,12.7,2.59,0.25,0,15.54,,,15.54,4,5,20160309,20160309,20160309,20160309,12331,2547,2608
36250332,6008,103739,15841,2016-03-10,03:04:00.0000000,2016-03-10,03:17:00.0000000,12,1,2.6899999999999999,12.16,2.88,0.25,2,19.24,,,19.24,4,1,20160310,20160310,20160310,20160310,12689,2189,3040
36250831,895574,105394,16340,2016-03-11,04:16:00.0000000,2016-03-11,04:32:00.0000000,15,1,7.1399999999999997,19.72,3.45,0.25,3,26.42,,,26.42,4,5,20160311,20160311,20160311,20160311,13188,3688,3987
36251341,149,104829,12983,2016-03-12,07:26:00.0000000,2016-03-12,07:38:00.0000000,11,1,2.8900000000000001,12.16,2.88,0.25,2,19.24,,,19.24,4,1,20160312,20160312,20160312,20160312,9831,3178,2041
36251568,650,104581,13210,2016-03-12,11:12:00.0000000,2016-03-12,11:26:00.0000000,14,1,4.5099999999999998,17.38,0,0.25,2.25,28,,,28,4,5,20160312,20160312,20160312,20160312,10058,2951,2123
36251605,1708,104543,13247,2016-03-12,11:27:00.0000000,2016-03-12,11:39:00.0000000,11,1,3.8900000000000001,15.49,0,0.25,2.25,28,,,28,4,3,20160312,20160312,20160312,20160312,10095,2914,2290
36251647,9515,104493,13289,2016-03-12,11:49:00.0000000,2016-03-12,12:31:00.0000000,42,1,5.1299999999999999,32.42,0,0.25,3.25,28,,,28,4,5,20160312,20160312,20160312,20160312,10137,2872,3682
36251922,77,104186,13564,2016-03-13,12:58:00.0000000,2016-03-13,13:14:00.0000000,16,1,4.6799999999999997,14.86,3.62,0.25,3,21.73,,,21.73,4,5,20160313,20160313,20160313,20160313,10412,2597,2023
36251956,6657,104147,13598,2016-03-13,13:03:00.0000000,2016-03-13,13:17:00.0000000,13,1,3.6699999999999999,13.51,3.35,0.25,3,20.11,,,20.11,4,5,20160313,20160313,20160313,20160313,10446,2563,3124
36251998,9219,104104,13640,2016-03-13,13:10:00.0000000,2016-03-13,13:30:00.0000000,19,1,4.5599999999999996,18.37,3.24,0.25,3,24.86,,,24.86,4,3,20160313,20160313,20160313,20160313,10488,2521,3624
36252957,8712,104151,14599,2016-03-15,14:46:00.0000000,2016-03-15,15:10:00.0000000,23,1,7.4299999999999997,23.5,6.69,0.25,3,33.44,,,33.44,4,5,20160315,20160315,20160315,20160315,11447,2567,3552
36253774,1068,105230,15416,2016-03-16,15:55:00.0000000,2016-03-16,16:08:00.0000000,13,1,4.4800000000000004,16.84,0,0.25,2.25,28,,,28,4,3,20160316,20160316,20160316,20160316,12264,3539,2168
36254234,11560,104719,15876,2016-03-17,16:34:00.0000000,2016-03-17,21:22:00.0000000,288,1,8.0800000000000001,20,0,0.25,0,28,,,28,4,4,20160317,20160317,20160317,20160317,12724,3079,3789
36254974,7105,105355,12749,2016-03-18,17:24:00.0000000,2016-03-18,17:39:00.0000000,15,1,1.7,11.08,2.47,0.25,1,14.8,,,14.8,4,2,20160318,20160318,20160318,20160318,9597,3651,3227
36256096,13566,104113,13871,2016-03-21,18:38:00.0000000,2016-03-21,18:52:00.0000000,14,1,1.6299999999999999,12.16,1.86,0.25,0,14.27,,,14.27,4,1,20160321,20160321,20160321,20160321,10719,2529,3821
36256342,19004,103839,14117,2016-03-22,18:52:00.0000000,2016-03-22,19:04:00.0000000,12,1,2.23,11.62,2.57,0.25,1,15.44,,,15.44,4,5,20160322,20160322,20160322,20160322,10965,2283,3904
36258123,8282,104040,15898,2016-03-25,20:41:00.0000000,2016-03-25,20:54:00.0000000,13,1,4.5700000000000003,15.13,2.31,0.25,0,17.69,,,17.69,4,5,20160325,20160325,20160325,20160325,12746,2465,3469
36258380,1451,103761,16155,2016-03-26,20:58:00.0000000,2016-03-26,20:58:00.0000000,0,1,0.10000000000000001,3.25,0,0.25,0,3.5,,,3.5,4,5,20160326,20160326,20160326,20160326,13003,2208,2247
36259014,9683,105268,12928,2016-03-28,21:42:00.0000000,2016-03-28,21:49:00.0000000,6,1,1.1299999999999999,7.3,1.51,0.25,0,9.06,,,9.06,4,1,20160328,20160328,20160328,20160328,9776,3572,3711
36259168,8427,105088,13082,2016-03-28,21:53:00.0000000,2016-03-28,22:08:00.0000000,14,1,4.9299999999999997,15.94,3.24,0.25,0,19.43,,,19.43,4,5,20160328,20160328,20160328,20160328,9930,3418,3493
36259183,7815,105073,13097,2016-03-28,21:54:00.0000000,2016-03-28,22:16:00.0000000,22,1,3.0800000000000001,17.29,2.63,0.25,0,20.17,,,20.17,4,5,20160328,20160328,20160328,20160328,9945,3403,3375
36259276,9396,104975,13190,2016-03-28,22:01:00.0000000,2016-03-28,22:07:00.0000000,5,2,1.1899999999999999,7.03,1.09,0.25,0,8.37,,,8.37,4,5,20160328,20160328,20160328,20160328,10038,3310,3653
36259499,9646,104728,13413,2016-03-29,22:18:00.0000000,2016-03-29,22:32:00.0000000,14,1,2.1400000000000001,10.81,2.21,0.25,0,13.27,,,13.27,4,5,20160329,20160329,20160329,20160329,10261,3087,3707
36260357,9799,103784,14271,2016-03-31,23:17:00.0000000,2016-03-31,23:26:00.0000000,8,1,1.3,8.11,1.87,0.25,1,11.23,,,11.23,4,2,20160331,20160331,20160331,20160331,11119,2229,3734
36260363,3340,103777,14277,2016-03-31,23:18:00.0000000,2016-03-31,23:35:00.0000000,17,1,3.77,15.94,3.84,0.25,3,23.03,,,23.03,4,5,20160331,20160331,20160331,20160331,11125,2223,2599
36260389,6113,103748,14303,2016-03-31,23:19:00.0000000,2016-03-31,23:40:00.0000000,20,1,2.0499999999999998,15.67,2.39,0.25,0,18.31,,,18.31,4,4,20160331,20160331,20160331,20160331,11151,2197,3058
36260393,4995,103743,14307,2016-03-31,23:19:00.0000000,2016-03-31,23:44:00.0000000,24,1,2.1600000000000001,17.83,3.62,0.25,0,21.7,,,21.7,4,5,20160331,20160331,20160331,20160331,11155,2193,2834
36260431,9186,103703,14345,2016-03-31,23:22:00.0000000,2016-03-31,23:40:00.0000000,18,1,2.4100000000000001,14.59,3.17,0.25,1,19.01,,,19.01,4,1,20160331,20160331,20160331,20160331,11193,2155,3620
36261079,7485,105079,14993,2016-04-01,00:00:00.0000000,2016-04-01,00:06:00.0000000,5,1,0.96999999999999997,7.03,1.46,0.25,0,8.74,,,8.74,4,5,20160401,20160401,20160401,20160401,11841,3409,3304
36262241,7867,103764,16155,2016-04-03,01:16:00.0000000,2016-04-03,01:23:00.0000000,6,1,0.94999999999999996,7.57,1.96,0.25,0,9.78,,,9.78,4,5,20160403,20160403,20160403,20160403,13003,2211,3394
36263309,12252,104783,17223,2016-04-05,02:43:00.0000000,2016-04-05,02:46:00.0000000,3,1,0.56999999999999995,5.14,1,0.25,0,6.39,,,6.39,4,5,20160405,20160405,20160405,20160405,14071,3135,3801
36263554,4147,104497,17468,2016-04-06,03:05:00.0000000,2016-04-06,03:16:00.0000000,11,1,2.6200000000000001,11.62,1.93,0.25,1,14.8,,,14.8,4,4,20160406,20160406,20160406,20160406,14316,2874,2709
36263667,9579,104369,17581,2016-04-06,03:16:00.0000000,2016-04-06,03:24:00.0000000,8,1,1.77,8.92,1.83,0.25,0,11,,,11,4,5,20160406,20160406,20160406,20160406,14429,2761,3690
36263705,107,104325,17619,2016-04-06,03:20:00.0000000,2016-04-06,03:30:00.0000000,9,1,2.5699999999999998,10.81,2.21,0.25,0,13.27,,,13.27,4,1,20160406,20160406,20160406,20160406,14467,2723,2029
36263762,2078,104264,17676,2016-04-06,03:26:00.0000000,2016-04-06,03:31:00.0000000,4,1,0.70999999999999996,5.95,1.08,0.25,1,8.28,,,8.28,4,5,20160406,20160406,20160406,20160406,14524,2666,2364
36264110,218,103880,18024,2016-04-07,04:13:00.0000000,2016-04-07,04:32:00.0000000,19,1,6.71,21.07,5,0.25,3,29.32,,,29.32,4,2,20160407,20160407,20160407,20160407,14872,2318,2061
36264133,1323,103853,18047,2016-04-07,04:16:00.0000000,2016-04-07,04:28:00.0000000,12,1,5.5599999999999996,17.02,4.32,0.25,0,21.59,,,21.59,4,1,20160407,20160407,20160407,20160407,14895,2295,2221
36264426,6502,103540,18340,2016-04-07,04:55:00.0000000,2016-04-07,05:03:00.0000000,7,1,3.4199999999999999,11.35,2.92,0.25,3,17.52,,,17.52,4,5,20160407,20160407,20160407,20160407,15188,2002,3095
36264650,35,105540,18564,2016-04-08,05:44:00.0000000,2016-04-08,05:52:00.0000000,8,1,2.5,9.19,0.94,0.25,0,10.38,,,10.38,4,4,20160408,20160408,20160408,20160408,15412,3776,2013
36265150,5363,104933,19341,2016-04-09,11:11:00.0000000,2016-04-09,11:37:00.0000000,25,4,8.3000000000000007,27.37,0,0.25,2.25,28,,,28,4,4,20160409,20160409,20160409,20160409,16189,3276,2905
36265182,10891,104898,19373,2016-04-09,11:32:00.0000000,2016-04-09,11:39:00.0000000,6,1,0.90000000000000002,9.28,0,0.25,2.25,28,,,28,4,5,20160409,20160409,20160409,20160409,16221,3244,3781
36265568,23340,104478,19759,2016-04-10,13:11:00.0000000,2016-04-10,13:16:00.0000000,5,1,1.1499999999999999,6.76,1.05,0.25,0,8.06,,,8.06,4,1,20160410,20160410,20160410,20160410,16607,2858,3937
36265975,5635,105742,20166,2016-04-11,13:51:00.0000000,2016-04-11,14:01:00.0000000,10,1,4.6100000000000003,13.24,2.02,0.25,0,15.51,,,15.51,4,5,20160411,20160411,20160411,20160411,17014,3901,2971
36266011,8293,105699,20202,2016-04-11,13:54:00.0000000,2016-04-11,14:21:00.0000000,27,1,4.7199999999999998,21.88,4.43,0.25,0,26.56,,,26.56,4,5,20160411,20160411,20160411,20160411,17050,3865,3473
36266096,9356,105545,20287,2016-04-11,14:01:00.0000000,2016-04-11,14:10:00.0000000,9,1,0.73999999999999999,8.65,1.78,0.25,0,10.68,,,10.68,4,4,20160411,20160411,20160411,20160411,17135,3780,3646
36266446,18897,105101,20637,2016-04-12,14:30:00.0000000,2016-04-12,14:55:00.0000000,25,1,2.3999999999999999,14.86,0.76,0.25,0,15.87,,,15.87,4,5,20160412,20160412,20160412,20160412,17485,3430,3902
36266758,5287,104764,20949,2016-04-13,14:55:00.0000000,2016-04-13,14:55:00.0000000,0,1,0.10000000000000001,3.25,0,0.25,0,3.5,,,3.5,4,4,20160413,20160413,20160413,20160413,17797,3118,2888
36266814,5430,104701,21005,2016-04-13,15:00:00.0000000,2016-04-13,15:17:00.0000000,16,1,2.4399999999999999,13.78,2.81,0.25,0,16.84,,,16.84,4,5,20160413,20160413,20160413,20160413,17853,3062,2914
36266817,2318,104697,21008,2016-04-13,15:00:00.0000000,2016-04-13,15:01:00.0000000,0,1,0.10000000000000001,3.25,0,0.25,0,3.5,,,3.5,4,4,20160413,20160413,20160413,20160413,17856,3059,2413
36267422,6839,103987,12582,2016-04-14,15:47:00.0000000,2016-04-14,15:59:00.0000000,12,1,1.1299999999999999,12.52,0,0.25,2.25,28,,,28,4,1,20160414,20160414,20160414,20160414,9430,2419,3167
36267425,739,103984,12585,2016-04-14,15:47:00.0000000,2016-04-14,15:55:00.0000000,8,1,1.1799999999999999,8.38,2.41,0.25,1,12.04,,,12.04,4,5,20160414,20160414,20160414,20160414,9433,2416,2133
36267567,6538,103830,12727,2016-04-14,15:57:00.0000000,2016-04-14,15:59:00.0000000,2,1,0.45000000000000001,4.33,0.92,0.25,0,5.5,,,5.5,4,4,20160414,20160414,20160414,20160414,9575,2274,3103
36267617,4376,103778,12777,2016-04-14,16:02:00.0000000,2016-04-14,16:27:00.0000000,24,1,9.4399999999999995,29.53,0,0.25,2.25,28,,,28,4,5,20160414,20160414,20160414,20160414,9625,2224,2739
36267664,2027,103727,12824,2016-04-14,16:04:00.0000000,2016-04-14,16:05:00.0000000,0,1,0.10000000000000001,3.25,0,0.25,0,3.5,,,3.5,4,3,20160414,20160414,20160414,20160414,9672,2177,2349
36268211,9409,105332,13371,2016-04-15,16:45:00.0000000,2016-04-15,16:55:00.0000000,10,1,1.46,9.73,1.5,0.25,0,11.48,,,11.48,4,5,20160415,20160415,20160415,20160415,10219,3628,3659
36268289,9688,105242,13449,2016-04-15,16:50:00.0000000,2016-04-15,17:00:00.0000000,9,1,3.5899999999999999,12.16,1.54,0.25,3,16.95,,,16.95,4,3,20160415,20160415,20160415,20160415,10297,3550,3712
36268535,1933,104964,13695,2016-04-16,17:08:00.0000000,2016-04-16,17:25:00.0000000,16,1,5.7400000000000002,18.91,4.63,0.25,4,27.79,,,27.79,4,5,20160416,20160416,20160416,20160416,10543,3301,2336
36268580,2789,104911,13740,2016-04-16,17:10:00.0000000,2016-04-16,17:24:00.0000000,13,1,1.3400000000000001,11.35,2.32,0.25,0,13.92,,,13.92,4,1,20160416,20160416,20160416,20160416,10588,3256,2500
36268593,2569,104897,13753,2016-04-16,17:11:00.0000000,2016-04-16,17:25:00.0000000,14,1,1.9299999999999999,12.16,2.48,0.25,0,14.89,,,14.89,4,5,20160416,20160416,20160416,20160416,10601,3243,2458
36268648,5545,104839,13808,2016-04-16,17:14:00.0000000,2016-04-16,17:14:00.0000000,0,1,0.10000000000000001,3.25,0,0.25,0,3.5,,,3.5,4,5,20160416,20160416,20160416,20160416,10656,3188,2949
36268676,7162,104810,13836,2016-04-16,17:15:00.0000000,2016-04-16,17:15:00.0000000,0,1,0.10000000000000001,3.25,0,0.25,1,4.5,,,4.5,4,5,20160416,20160416,20160416,20160416,10684,3160,3236
36268737,1789,104744,13897,2016-04-16,17:18:00.0000000,2016-04-16,17:33:00.0000000,15,2,1.53,12.43,2.54,0.25,0,15.22,,,15.22,4,2,20160416,20160416,20160416,20160416,10745,3099,2305
36269012,4115,104435,14172,2016-04-17,17:32:00.0000000,2016-04-17,17:48:00.0000000,15,1,7.8200000000000003,20.8,3.16,0.25,0,24.21,,,24.21,4,5,20160417,20160417,20160417,20160417,11020,2824,2704
36269020,1149,104426,14180,2016-04-17,17:33:00.0000000,2016-04-17,17:33:00.0000000,0,1,0.10000000000000001,3.25,0,0.25,1,4.5,,,4.5,4,5,20160417,20160417,20160417,20160417,11028,2816,2189
36269890,6568,104944,15050,2016-04-19,18:28:00.0000000,2016-04-19,18:39:00.0000000,10,1,3.0800000000000001,11.62,2.37,0.25,0,14.24,,,14.24,4,4,20160419,20160419,20160419,20160419,11898,3284,3109
36270022,9404,104802,15182,2016-04-19,18:37:00.0000000,2016-04-19,18:37:00.0000000,0,1,0.10000000000000001,3.25,0,0.25,0,3.5,,,3.5,4,4,20160419,20160419,20160419,20160419,12030,3152,3657
36270503,5239,104269,15663,2016-04-20,19:05:00.0000000,2016-04-20,19:17:00.0000000,12,1,3.9300000000000002,13.24,2.47,0.25,3,18.96,,,18.96,4,1,20160420,20160420,20160420,20160420,12511,2671,2879
36270568,6815,104195,15728,2016-04-20,19:09:00.0000000,2016-04-20,19:09:00.0000000,0,1,0.10000000000000001,3.25,0,0.25,0,3.5,,,3.5,4,4,20160420,20160420,20160420,20160420,12576,2606,3163
36270580,1067,104183,15740,2016-04-20,19:10:00.0000000,2016-04-20,19:10:00.0000000,0,1,0.02,3.25,0,0,1.75,5,,,5,4,5,20160420,20160420,20160420,20160420,12588,2594,2167
36271415,252,105507,16575,2016-04-22,19:55:00.0000000,2016-04-22,20:13:00.0000000,17,1,3.8599999999999999,16.21,2.47,0.25,0,18.93,,,18.93,4,4,20160422,20160422,20160422,20160422,13423,3757,2066
36271586,8100,105284,16746,2016-04-22,20:06:00.0000000,2016-04-22,20:06:00.0000000,0,2,0.10000000000000001,3.25,0,0.25,0,3.5,,,3.5,4,5,20160422,20160422,20160422,20160422,13594,3586,3427
36271718,1528,105128,16878,2016-04-22,20:13:00.0000000,2016-04-22,20:24:00.0000000,11,1,1.53,10,2.05,0.25,0,12.3,,,12.3,4,5,20160422,20160422,20160422,20160422,13726,3454,2262
36271782,5079,105058,16942,2016-04-22,20:17:00.0000000,2016-04-22,20:48:00.0000000,30,1,11.109999999999999,34.03,2,0.25,0,38.23,,,38.23,4,1,20160422,20160422,20160422,20160422,13790,3390,2846
36271805,2478,105035,16965,2016-04-22,20:19:00.0000000,2016-04-22,20:19:00.0000000,0,1,0.12,3.52,0,0.25,1,4.77,,,4.77,4,5,20160422,20160422,20160422,20160422,13813,3367,2443
36271822,8172,105014,16982,2016-04-22,20:20:00.0000000,2016-04-22,20:20:00.0000000,0,1,0.10000000000000001,3.25,0,0.25,0,3.5,,,3.5,4,5,20160422,20160422,20160422,20160422,13830,3348,3447
36271932,8156,104892,17092,2016-04-23,20:26:00.0000000,2016-04-23,20:40:00.0000000,13,1,5.6299999999999999,17.29,3.51,0.25,0,21.05,,,21.05,4,5,20160423,20160423,20160423,20160423,13940,3238,3439
36272147,13151,104658,17307,2016-04-23,20:38:00.0000000,2016-04-23,20:57:00.0000000,19,1,4.4000000000000004,17.29,3.71,0.25,1,22.25,10,2.23,20.03,4,5,20160423,20160423,20160423,20160423,14155,3023,3813
36272420,7064,104356,17580,2016-04-24,20:55:00.0000000,2016-04-24,21:11:00.0000000,16,1,3.98,15.13,3.68,0.25,3,22.06,,,22.06,4,5,20160424,20160424,20160424,20160424,14428,2750,3216
36272656,8790,104096,17816,2016-04-25,21:08:00.0000000,2016-04-25,21:22:00.0000000,14,1,1.55,11.62,1.78,0.25,0,13.65,,,13.65,4,5,20160425,20160425,20160425,20160425,14664,2514,3568
36272783,5830,103950,17943,2016-04-25,21:15:00.0000000,2016-04-25,21:15:00.0000000,0,1,0.10000000000000001,3.25,0,0.25,0,3.5,,,3.5,4,4,20160425,20160425,20160425,20160425,14791,2387,3011
36273204,5916,105803,18364,2016-04-26,21:42:00.0000000,2016-04-26,21:42:00.0000000,0,1,0.12,3.52,0,0.25,0,3.77,,,3.77,4,5,20160426,20160426,20160426,20160426,15212,3947,3024
36273206,5246,105800,18366,2016-04-26,21:42:00.0000000,2016-04-26,22:04:00.0000000,21,1,3.0299999999999998,17.29,3.71,0.25,1,22.25,,,22.25,4,4,20160426,20160426,20160426,20160426,15214,3945,2882
36273226,2043,105774,18386,2016-04-26,21:43:00.0000000,2016-04-26,21:52:00.0000000,9,2,1.3300000000000001,7.84,1,0,0.25,9.09,,,9.09,4,5,20160426,20160426,20160426,20160426,15234,3925,2353
36273297,9228,105685,18457,2016-04-26,21:47:00.0000000,2016-04-26,22:05:00.0000000,18,1,4.8799999999999999,17.83,3.62,0.25,0,21.7,,,21.7,4,5,20160426,20160426,20160426,20160426,15305,3854,3625
36273645,8874,105191,18805,2016-04-27,22:09:00.0000000,2016-04-27,22:19:00.0000000,10,1,1.1399999999999999,9.73,2,0.25,0,11.98,,,11.98,4,4,20160427,20160427,20160427,20160427,15653,3506,3587
36273954,6191,104850,19114,2016-04-27,22:30:00.0000000,2016-04-27,22:45:00.0000000,14,1,5.2000000000000002,15.67,3.58,0,2.25,23.45,,,23.45,4,5,20160427,20160427,20160427,20160427,15962,3197,3064
36273969,2965,104833,19129,2016-04-27,22:31:00.0000000,2016-04-27,22:40:00.0000000,8,1,1.6299999999999999,8.92,1.83,0.25,0,11,,,11,4,5,20160427,20160427,20160427,20160427,15977,3182,2534
36274562,5547,104178,12686,2016-04-28,23:08:00.0000000,2016-04-28,23:25:00.0000000,16,1,1.8100000000000001,13.24,2.7,0.25,0,16.19,,,16.19,4,5,20160428,20160428,20160428,20160428,9534,2589,2951
36274565,3984,104175,12689,2016-04-28,23:09:00.0000000,2016-04-28,23:50:00.0000000,41,1,3.23,28.09,4.25,0.25,0,32.59,,,32.59,4,5,20160428,20160428,20160428,20160428,9537,2586,2685
36274655,4867,104076,12779,2016-04-29,23:15:00.0000000,2016-04-29,23:30:00.0000000,14,1,2.1499999999999999,12.7,1.3,0.25,0,14.25,,,14.25,4,4,20160429,20160429,20160429,20160429,9627,2496,2809
36274701,1909,104023,12825,2016-04-29,23:18:00.0000000,2016-04-29,23:36:00.0000000,17,1,1.01,13.51,2.75,0.25,0,16.51,,,16.51,4,5,20160429,20160429,20160429,20160429,9673,2450,2332
36274959,1468,103742,13083,2016-04-29,23:35:00.0000000,2016-04-29,00:09:00.0000000,34,1,6.0899999999999999,26.2,5.29,0.25,0,31.74,,,31.74,4,5,20160429,20160429,20160429,20160429,9931,2192,2251
36275026,6500,105862,13150,2016-04-29,23:39:00.0000000,2016-04-29,23:46:00.0000000,6,2,0.70999999999999996,7.57,0.88,0.25,1,9.7,,,9.7,4,3,20160429,20160429,20160429,20160429,9998,3993,3094
36275072,5916,105803,13196,2016-04-29,23:42:00.0000000,2016-04-29,23:50:00.0000000,8,2,1.3100000000000001,8.38,1.44,0.25,1,11.07,,,11.07,4,4,20160429,20160429,20160429,20160429,10044,3947,3024
36275135,6658,105722,13259,2016-04-29,23:46:00.0000000,2016-04-29,00:06:00.0000000,20,1,2.6899999999999999,15.94,2.73,0.25,2,20.92,,,20.92,4,3,20160429,20160429,20160429,20160429,10107,3884,3125
36275158,5412,105693,13282,2016-04-29,23:47:00.0000000,2016-04-29,23:57:00.0000000,10,1,1.3200000000000001,9.46,1.46,0.25,0,11.17,,,11.17,4,5,20160429,20160429,20160429,20160429,10130,3861,2909
36275452,19239,105261,13576,2016-04-30,00:07:00.0000000,2016-04-30,00:29:00.0000000,21,1,3.23,17.29,3.51,0.25,0,21.05,,,21.05,4,5,20160430,20160430,20160430,20160430,10424,3567,3913
36275869,895562,104800,13993,2016-05-01,00:35:00.0000000,2016-05-01,00:43:00.0000000,8,1,1,8.38,2,0.25,1,11.63,,,11.63,4,3,20160501,20160501,20160501,20160501,10841,3150,3983
36275970,3183,104685,14094,2016-05-01,00:41:00.0000000,2016-05-01,00:53:00.0000000,11,1,3.25,12.43,2.54,0.25,0,15.22,,,15.22,4,3,20160501,20160501,20160501,20160501,10942,3049,2575
36276360,9794,104256,14484,2016-05-02,01:12:00.0000000,2016-05-02,01:19:00.0000000,7,1,1.1799999999999999,8.11,0.84,0.25,0,9.2,,,9.2,4,5,20160502,20160502,20160502,20160502,11332,2659,3731
36276637,7348,103945,14761,2016-05-03,01:34:00.0000000,2016-05-03,01:45:00.0000000,11,1,4.8700000000000001,14.86,3.82,0.25,4,22.93,,,22.93,4,5,20160503,20160503,20160503,20160503,11609,2382,3279
36276905,4002,103562,15029,2016-05-04,01:55:00.0000000,2016-05-04,02:10:00.0000000,15,3,4.5800000000000001,15.94,3.84,0.25,3,23.03,,,23.03,4,4,20160504,20160504,20160504,20160504,11877,2024,2690
36277342,13633,103964,15466,2016-05-05,02:36:00.0000000,2016-05-05,02:59:00.0000000,23,1,10.07,28.09,5.67,0.25,0,34.01,,,34.01,4,4,20160505,20160505,20160505,20160505,12314,2399,3822
36277353,7163,103951,15477,2016-05-05,02:36:00.0000000,2016-05-05,02:43:00.0000000,7,1,0.95999999999999996,7.3,1.51,0.25,0,9.06,,,9.06,4,5,20160505,20160505,20160505,20160505,12325,2388,3237
36277781,4632,105605,15905,2016-05-06,03:19:00.0000000,2016-05-06,03:27:00.0000000,7,1,1.4299999999999999,7.84,1.82,0.25,1,10.91,,,10.91,4,5,20160506,20160506,20160506,20160506,12753,3811,2768
36277796,726805,105569,15920,2016-05-06,03:20:00.0000000,2016-05-06,03:35:00.0000000,14,2,4.9199999999999999,15.94,3.44,0.25,1,20.63,,,20.63,4,1,20160506,20160506,20160506,20160506,12768,3796,3963
36277955,9594,105341,16079,2016-05-06,03:39:00.0000000,2016-05-06,03:43:00.0000000,4,1,0.71999999999999997,5.68,1.25,0.25,1,8.18,,,8.18,4,4,20160506,20160506,20160506,20160506,12927,3637,3694
36278521,170826,104711,16645,2016-05-08,04:39:00.0000000,2016-05-08,04:43:00.0000000,4,1,1.27,6.76,0,0.25,0,7.01,,,7.01,4,1,20160508,20160508,20160508,20160508,13493,3071,3943
36279519,1115,103613,17643,2016-05-11,11:18:00.0000000,2016-05-11,11:30:00.0000000,12,1,4.5700000000000003,16.03,0,0.25,2.25,28,,,28,4,5,20160511,20160511,20160511,20160511,14491,2073,2177
36279562,10715,103568,17686,2016-05-11,11:37:00.0000000,2016-05-11,11:58:00.0000000,20,1,1.3,11.44,0,0.25,2.25,28,,,28,4,5,20160511,20160511,20160511,20160511,14534,2030,3779
36279670,8233,105769,17794,2016-05-11,12:18:00.0000000,2016-05-11,12:43:00.0000000,24,1,4.5700000000000003,16.49,0,0.25,3.25,28,,,28,4,4,20160511,20160511,20160511,20160511,14642,3920,3459
36280247,7037,105009,12989,2016-05-12,13:43:00.0000000,2016-05-12,13:55:00.0000000,12,1,1.1899999999999999,10.27,1.89,0.25,0,12.41,,,12.41,4,1,20160512,20160512,20160512,20160512,9837,3343,3209
36280656,8157,104564,13398,2016-05-13,14:19:00.0000000,2016-05-13,14:53:00.0000000,34,2,4.5999999999999996,20.8,4.61,0,2.25,29.61,,,29.61,4,5,20160513,20160513,20160513,20160513,10246,2934,3440
36280900,2072,104289,13642,2016-05-14,14:40:00.0000000,2016-05-14,14:55:00.0000000,14,1,1.6000000000000001,12.16,2.88,0.25,2,17.29,,,17.29,4,1,20160514,20160514,20160514,20160514,10490,2690,2361
36281544,6454,103584,14286,2016-05-16,15:34:00.0000000,2016-05-16,15:46:00.0000000,12,1,4.6799999999999997,16.3,0,0.25,2.25,28,,,28,4,5,20160516,20160516,20160516,20160516,11134,2046,3087
36282029,9582,104278,14771,2016-05-17,16:14:00.0000000,2016-05-17,16:26:00.0000000,11,1,4.79,15.13,3.88,0.25,4,23.26,,,23.26,4,5,20160517,20160517,20160517,20160517,11619,2680,3691
36282067,232,104233,14809,2016-05-17,16:17:00.0000000,2016-05-17,16:17:00.0000000,0,1,0.10000000000000001,3.25,0,0.25,0,3.5,,,3.5,4,1,20160517,20160517,20160517,20160517,11657,2642,2063
36282418,8293,105699,15160,2016-05-18,16:44:00.0000000,2016-05-18,17:01:00.0000000,16,1,3.9399999999999999,17.38,0,0.25,2.25,28,15,4.2,23.8,4,4,20160518,20160518,20160518,20160518,12008,3865,3473
36282702,9713,105277,15444,2016-05-19,17:05:00.0000000,2016-05-19,17:38:00.0000000,32,2,6.7699999999999996,23.5,2,0,2.25,29.7,15,4.46,25.25,4,1,20160519,20160519,20160519,20160519,12292,3581,3719
36282732,7306,105243,15474,2016-05-19,17:07:00.0000000,2016-05-19,17:14:00.0000000,7,1,1,8.11,1,0.25,0,9.36,15,1.4,7.96,4,5,20160519,20160519,20160519,20160519,12322,3551,3269
36284555,1556,104677,17297,2016-05-23,18:58:00.0000000,2016-05-23,19:13:00.0000000,14,1,3.5499999999999998,14.33,0,0.25,3.25,28,,,28,4,4,20160523,20160523,20160523,20160523,14145,3041,2265
36285205,9494,103908,13561,2016-05-24,19:33:00.0000000,2016-05-24,19:45:00.0000000,12,1,3.6600000000000001,13.24,2.02,0.25,0,15.51,,,15.51,4,5,20160524,20160524,20160524,20160524,10409,2346,3675
36287580,7534,103654,15936,2016-05-31,21:59:00.0000000,2016-05-31,21:59:00.0000000,0,1,0.10000000000000001,3.25,0,0.25,0,3.5,,,3.5,4,3,20160531,20160531,20160531,20160531,12784,2111,3317
36287745,8625,105795,16101,2016-05-31,22:11:00.0000000,2016-05-31,22:17:00.0000000,5,1,0.81999999999999995,6.76,1.44,0.25,1,9.45,,,9.45,4,5,20160531,20160531,20160531,20160531,12949,3944,3526
36288021,446,105373,16377,2016-06-01,22:31:00.0000000,2016-06-01,23:06:00.0000000,34,1,4.4299999999999997,25.39,4,0.25,1,30.64,,,30.64,4,1,20160601,20160601,20160601,20160601,13225,3668,2092
36288169,6717,105208,16525,2016-06-02,22:42:00.0000000,2016-06-02,23:33:00.0000000,51,1,6.3899999999999997,35.38,5.34,0.25,0,40.97,,,40.97,4,5,20160602,20160602,20160602,20160602,13373,3520,3143
36288990,12005,104299,17346,2016-06-04,23:37:00.0000000,2016-06-04,23:39:00.0000000,2,1,0.23999999999999999,4.6,0.97,0.25,0,5.82,,,5.82,4,5,20160604,20160604,20160604,20160604,14194,2699,3796
36289134,5496,104139,17490,2016-06-04,23:45:00.0000000,2016-06-04,23:59:00.0000000,14,1,1.1599999999999999,11.89,2.43,0.25,0,14.57,,,14.57,4,4,20160604,20160604,20160604,20160604,14338,2555,2933
36289582,2040,103650,17938,2016-06-06,00:14:00.0000000,2016-06-06,00:36:00.0000000,22,1,2.7799999999999998,17.02,2.59,0.25,0,19.86,,,19.86,4,5,20160606,20160606,20160606,20160606,14786,2107,2352
36289600,9959,103631,17956,2016-06-06,00:16:00.0000000,2016-06-06,00:27:00.0000000,10,2,1.6000000000000001,10.27,2.63,0.25,0,13.15,,,13.15,4,1,20160606,20160606,20160606,20160606,14804,2089,3767
36290188,4867,104076,18544,2016-06-08,00:57:00.0000000,2016-06-08,01:05:00.0000000,7,1,0.81000000000000005,7.57,1.56,0.25,0,9.38,,,9.38,4,5,20160608,20160608,20160608,20160608,15392,2496,2809
36291564,2126,103658,21075,2016-06-12,02:54:00.0000000,2016-06-12,03:04:00.0000000,10,2,1.3700000000000001,9.46,1.94,0.25,0,11.65,,,11.65,4,5,20160612,20160612,20160612,20160612,17923,2115,2371
36292036,5756,105345,21547,2016-06-13,03:33:00.0000000,2016-06-13,03:41:00.0000000,8,1,2.3999999999999999,9.19,2.09,0,1.25,12.53,,,12.53,4,4,20160613,20160613,20160613,20160613,18395,3641,2999
36292709,6610,105830,12853,2016-06-15,04:40:00.0000000,2016-06-15,04:56:00.0000000,15,1,2.6400000000000001,13.24,1.35,0.25,0,14.84,,,14.84,4,5,20160615,20160615,20160615,20160615,9701,3971,3115
36293038,4409,105346,13182,2016-06-16,05:24:00.0000000,2016-06-16,05:36:00.0000000,12,1,2.3799999999999999,11.08,3.7,0.25,1,16.03,,,16.03,4,5,20160616,20160616,20160616,20160616,10030,3642,2748
36294006,3524,105807,14150,2016-06-19,11:05:00.0000000,2016-06-19,11:26:00.0000000,20,1,9.1099999999999994,27.91,0,0.25,2.25,28,,,28,4,4,20160619,20160619,20160619,20160619,10998,3951,2621
36294066,1640,105729,14210,2016-06-19,11:30:00.0000000,2016-06-19,11:34:00.0000000,4,1,0.83999999999999997,8.2,0,0.25,2.25,28,,,28,4,3,20160619,20160619,20160619,20160619,11058,3891,2276
36294718,1643,104871,14862,2016-06-21,13:49:00.0000000,2016-06-21,14:06:00.0000000,16,1,4.2199999999999998,16.21,3.07,0.25,4,23.53,,,23.53,4,4,20160621,20160621,20160621,20160621,11710,3217,2278
36294843,8361,104736,14987,2016-06-22,14:04:00.0000000,2016-06-22,14:20:00.0000000,15,2,2.27,13.24,2.02,0.25,0,15.51,,,15.51,4,2,20160622,20160622,20160622,20160622,11835,3092,3482
36295120,2196,104398,15264,2016-06-22,14:35:00.0000000,2016-06-22,14:47:00.0000000,11,1,1.1200000000000001,10.27,2.1,0.25,0,12.62,,,12.62,4,5,20160622,20160622,20160622,20160622,12112,2788,2385
36295317,3474,104180,15461,2016-06-23,14:51:00.0000000,2016-06-23,15:05:00.0000000,13,1,5.2999999999999998,16.21,2.47,0.25,0,18.93,,,18.93,4,4,20160623,20160623,20160623,20160623,12309,2591,2614
36295764,9944,103691,15908,2016-06-24,15:31:00.0000000,2016-06-24,15:44:00.0000000,13,2,2.1699999999999999,12.79,0,0.25,2.25,28,,,28,4,5,20160624,20160624,20160624,20160624,12756,2144,3760
36295889,3324,103557,16033,2016-06-25,15:43:00.0000000,2016-06-25,15:50:00.0000000,6,1,1.1499999999999999,9.82,0,0.25,2.25,28,,,28,4,1,20160625,20160625,20160625,20160625,12881,2019,2596
36296363,9561,103914,16507,2016-06-26,16:25:00.0000000,2016-06-26,16:45:00.0000000,19,1,4.0599999999999996,17.02,3.65,0.25,1,21.92,,,21.92,4,5,20160626,20160626,20160626,20160626,13355,2351,3687
36296377,8593,103899,16521,2016-06-26,16:26:00.0000000,2016-06-26,16:35:00.0000000,9,2,5.8300000000000001,15.94,3.84,0.25,3,23.03,,,23.03,4,2,20160626,20160626,20160626,20160626,13369,2337,3521
36296958,4691,105503,17102,2016-06-28,17:13:00.0000000,2016-06-28,17:24:00.0000000,10,1,1.1599999999999999,9.73,1.5,0.25,0,11.48,,,11.48,4,4,20160628,20160628,20160628,20160628,13950,3754,2776
36297158,6627,105246,17302,2016-06-29,17:26:00.0000000,2016-06-29,17:38:00.0000000,11,1,7.7300000000000004,19.99,4.05,0.25,0,26.24,,,26.24,4,1,20160629,20160629,20160629,20160629,14150,3554,3119
36297336,8628,105044,17480,2016-06-29,17:38:00.0000000,2016-06-29,17:48:00.0000000,10,1,1.6499999999999999,9.73,3.07,0.25,0,13.3,,,13.3,4,5,20160629,20160629,20160629,20160629,14328,3376,3528
36297585,654,104774,17729,2016-06-30,17:56:00.0000000,2016-06-30,18:06:00.0000000,10,2,2.5600000000000001,10.81,0,0.25,2,13.06,,,13.06,4,1,20160630,20160630,20160630,20160630,14577,3127,2125
36297994,9218,105740,18138,2016-07-01,18:27:00.0000000,2016-07-01,18:34:00.0000000,6,1,1.3600000000000001,8.11,1.87,0.25,1,11.23,,,11.23,4,5,20160701,20160701,20160701,20160701,14986,3899,3623
36297996,80,105736,18140,2016-07-01,18:28:00.0000000,2016-07-01,18:47:00.0000000,18,1,6.8399999999999999,20.8,4.81,0.25,3,28.86,,,28.86,4,4,20160701,20160701,20160701,20160701,14988,3897,2025
36298282,5713,105315,18426,2016-07-02,18:50:00.0000000,2016-07-02,18:59:00.0000000,9,1,0.92000000000000004,8.65,1.98,0.25,1,11.88,,,11.88,4,5,20160702,20160702,20160702,20160702,15274,3611,2988
36298457,7451,105109,18601,2016-07-02,19:02:00.0000000,2016-07-02,19:14:00.0000000,12,1,4.8899999999999997,14.59,3.37,0,2.25,20.21,,,20.21,4,4,20160702,20160702,20160702,20160702,15449,3436,3296
36298800,3597,104737,18944,2016-07-04,19:26:00.0000000,2016-07-04,19:27:00.0000000,0,1,0.12,3.52,0,0.25,0,3.77,,,3.77,4,5,20160704,20160704,20160704,20160704,15792,3093,2628
36298821,477,104712,18965,2016-07-04,19:27:00.0000000,2016-07-04,19:34:00.0000000,7,1,1,7.84,1.62,0.25,0,9.71,,,9.71,4,5,20160704,20160704,20160704,20160704,15813,3072,2096
36299019,4147,104497,19163,2016-07-04,19:41:00.0000000,2016-07-04,19:53:00.0000000,11,2,3.96,13.51,3.35,0.25,3,20.11,,,20.11,4,5,20160704,20160704,20160704,20160704,16011,2874,2709
36299083,3816,104229,19227,2016-07-05,19:45:00.0000000,2016-07-05,20:01:00.0000000,15,1,4.2800000000000002,15.4,1.56,0.25,0,17.21,,,17.21,4,2,20160705,20160705,20160705,20160705,16075,2638,2658
36299184,5230,104121,19328,2016-07-05,19:51:00.0000000,2016-07-05,20:23:00.0000000,31,1,5.2699999999999996,24.58,2.78,0.25,3,30.61,,,30.61,4,1,20160705,20160705,20160705,20160705,16176,2537,2877
36299472,8453,103804,19616,2016-07-06,20:10:00.0000000,2016-07-06,20:18:00.0000000,7,1,1.46,8.11,1.67,0.25,0,10.03,,,10.03,4,4,20160706,20160706,20160706,20160706,16464,2249,3498
36299532,6008,103739,19676,2016-07-06,20:14:00.0000000,2016-07-06,20:33:00.0000000,18,1,5.8799999999999999,18.91,3.83,0.25,0,22.99,,,22.99,4,5,20160706,20160706,20160706,20160706,16524,2189,3040
36299718,3366,104227,19862,2016-07-06,20:27:00.0000000,2016-07-06,20:37:00.0000000,10,1,1.0900000000000001,9.73,2.2,0.25,1,13.18,,,13.18,4,4,20160706,20160706,20160706,20160706,16710,2636,2603
36299975,3151,103942,20119,2016-07-07,20:47:00.0000000,2016-07-07,21:07:00.0000000,19,1,2.4500000000000002,15.49,0,0.25,2.25,28,,,28,4,5,20160707,20160707,20160707,20160707,16967,2379,2566
36300486,8165,105701,20630,2016-07-08,21:25:00.0000000,2016-07-08,22:27:00.0000000,61,1,29.949999999999999,74.53,14.96,0.25,0,89.74,,,89.74,4,3,20160708,20160708,20160708,20160708,17478,3866,3443
36300553,5972,105581,20697,2016-07-09,21:31:00.0000000,2016-07-09,21:41:00.0000000,10,1,1.4199999999999999,9.46,1.46,0.25,0,11.17,,,11.17,4,5,20160709,20160709,20160709,20160709,17545,3799,3034
36300605,4268,105494,20749,2016-07-09,21:35:00.0000000,2016-07-09,21:57:00.0000000,21,2,6.1299999999999999,21.07,4.26,0.25,0,25.58,,,25.58,4,5,20160709,20160709,20160709,20160709,17597,3747,2723
36301120,1991,104886,21264,2016-07-10,22:18:00.0000000,2016-07-10,22:39:00.0000000,20,1,2.6200000000000001,15.67,3.38,0.25,1,20.3,,,20.3,4,1,20160710,20160710,20160710,20160710,18112,3232,2345
